parent_name,wt_aa,site_n,mut_aa,delta_stabilityscore,wt_polarity,mut_polarity,size_change
EEHEE_rd3_1267,V,19,D,1.2,nonpolar,polar,
EEHEE_rd3_1267,N,30,W,1.3,polar,nonpolar,
EEHEE_rd4_0215,M,3,V,1.4,nonpolar,nonpolar,size maintained
EEHEE_rd4_0215,A,18,M,1.1,nonpolar,nonpolar,small-to-large
EEHEE_rd4_0215,Y,29,W,1.0,nonpolar,nonpolar,size maintained
EEHEE_rd4_0464,V,19,Q,1.0,nonpolar,polar,
EHEE_rd4_0144,R,1,L,1.0,polar,nonpolar,
EHEE_rd4_0144,Q,5,I,1.0,polar,nonpolar,
EHEE_rd4_0144,Q,5,W,1.2,polar,nonpolar,
EHEE_rd4_0144,Q,5,Y,1.0,polar,nonpolar,
EHEE_rd4_0144,G,8,M,1.0,nonpolar,nonpolar,small-to-large
EHEE_rd4_0144,E,9,F,1.0,polar,nonpolar,
EHEE_rd4_0144,E,9,W,1.5,polar,nonpolar,
EHEE_rd4_0144,E,10,I,1.0,polar,nonpolar,
EHEE_rd4_0144,Q,11,W,1.3,polar,nonpolar,
EHEE_rd4_0144,A,12,F,1.5,nonpolar,nonpolar,small-to-large
EHEE_rd4_0144,A,12,W,1.3,nonpolar,nonpolar,small-to-large
EHEE_rd4_0144,A,15,W,1.2,nonpolar,nonpolar,small-to-large
EHEE_rd4_0144,K,20,F,2.1,polar,nonpolar,
EHEE_rd4_0144,K,20,I,1.3,polar,nonpolar,
EHEE_rd4_0144,K,20,L,2.1,polar,nonpolar,
EHEE_rd4_0144,K,20,M,1.7,polar,nonpolar,
EHEE_rd4_0144,K,20,W,1.3,polar,nonpolar,
EHEE_rd4_0144,R,22,F,1.5,polar,nonpolar,
EHEE_rd4_0144,R,22,L,1.1,polar,nonpolar,
EHEE_rd4_0144,R,22,Y,1.2,polar,nonpolar,
EHEE_rd4_0144,K,27,F,1.0,polar,nonpolar,
EHEE_rd4_0144,K,27,Y,1.0,polar,nonpolar,
EHEE_rd4_0144,E,29,W,1.1,polar,nonpolar,
EHEE_rd4_0144,R,34,W,1.1,polar,nonpolar,
EHEE_rd4_0144,R,34,Y,1.4,polar,nonpolar,
EHEE_rd4_0144,A,39,I,1.2,nonpolar,nonpolar,small-to-large
EHEE_rd4_0144,A,39,W,2.1,nonpolar,nonpolar,small-to-large
EHEE_rd4_0152,E,2,F,1.1,polar,nonpolar,
EHEE_rd4_0152,E,2,I,1.4,polar,nonpolar,
EHEE_rd4_0152,E,2,L,1.4,polar,nonpolar,
EHEE_rd4_0152,E,2,V,1.3,polar,nonpolar,
EHEE_rd4_0810,A,39,Q,1.0,nonpolar,polar,
HHH_rd1_0192,A,38,Q,1.5,nonpolar,polar,
HHH_rd1_0501,N,8,R,1.6,polar,polar,
HHH_rd1_0501,K,11,F,1.4,polar,nonpolar,
HHH_rd1_0501,K,11,I,1.2,polar,nonpolar,
HHH_rd1_0501,K,11,L,1.2,polar,nonpolar,
HHH_rd1_0501,K,11,M,1.0,polar,nonpolar,
HHH_rd1_0501,K,11,P,1.0,polar,nonpolar,
HHH_rd1_0501,K,11,V,1.2,polar,nonpolar,
HHH_rd1_0501,K,11,W,1.2,polar,nonpolar,
HHH_rd1_0501,K,11,Y,1.0,polar,nonpolar,
HHH_rd1_0649,E,4,D,1.7,polar,polar,
HHH_rd1_0649,A,14,Y,1.0,nonpolar,nonpolar,small-to-large
HHH_rd1_0649,K,22,R,1.2,polar,polar,
HHH_rd1_0649,R,23,K,1.5,polar,polar,
HHH_rd1_0649,A,24,P,1.3,nonpolar,nonpolar,size maintained
HHH_rd1_0649,E,25,L,1.3,polar,nonpolar,
HHH_rd1_0649,E,25,M,1.2,polar,nonpolar,
HHH_rd1_0972,A,4,D,2.0,nonpolar,polar,
HHH_rd1_0972,R,5,L,1.1,polar,nonpolar,
HHH_rd1_0972,K,9,I,1.0,polar,nonpolar,
HHH_rd2_0184,A,25,L,1.8,nonpolar,nonpolar,small-to-large
HHH_rd2_0184,S,31,H,1.7,polar,polar,
HHH_rd4_0068,V,21,A,2.5,nonpolar,nonpolar,large-to-small
HHH_rd4_0068,V,30,F,1.0,nonpolar,nonpolar,small-to-large
HHH_rd4_0068,V,30,L,1.1,nonpolar,nonpolar,size maintained
HHH_rd4_0068,V,30,W,1.8,nonpolar,nonpolar,small-to-large
HHH_rd4_0216,A,4,L,1.1,nonpolar,nonpolar,small-to-large
HHH_rd4_0216,K,8,I,1.0,polar,nonpolar,
HHH_rd4_0216,K,8,L,1.5,polar,nonpolar,
HHH_rd4_0216,K,8,M,1.2,polar,nonpolar,
HHH_rd4_0216,V,11,G,1.2,nonpolar,nonpolar,large-to-small
HHH_rd4_0216,I,21,A,1.6,nonpolar,nonpolar,large-to-small
HHH_rd4_0216,L,39,E,1.8,nonpolar,polar,
HHH_rd4_0284,S,2,Y,1.0,polar,nonpolar,
HHH_rd4_0284,S,2,W,1.9,polar,nonpolar,
HHH_rd4_0284,S,2,F,1.2,polar,nonpolar,
HHH_rd4_0284,S,2,L,1.3,polar,nonpolar,
HHH_rd4_0284,S,2,I,1.4,polar,nonpolar,
HHH_rd4_0284,K,4,D,1.2,polar,polar,
HHH_rd4_0284,K,4,W,1.2,polar,nonpolar,
HHH_rd4_0284,K,4,A,1.1,polar,nonpolar,
HHH_rd4_0284,K,4,S,1.0,polar,polar,
HHH_rd4_0284,K,4,Q,1.1,polar,polar,
HHH_rd4_0284,K,4,E,1.1,polar,polar,
HHH_rd4_0284,L,5,D,1.0,nonpolar,polar,
HHH_rd4_0284,L,5,P,1.0,nonpolar,nonpolar,large-to-small
HHH_rd4_0284,K,6,A,1.2,polar,nonpolar,
HHH_rd4_0284,K,6,W,1.6,polar,nonpolar,
HHH_rd4_0284,K,6,I,1.5,polar,nonpolar,
HHH_rd4_0284,K,6,H,1.0,polar,polar,
HHH_rd4_0284,K,6,M,1.3,polar,nonpolar,
HHH_rd4_0284,K,6,V,1.2,polar,nonpolar,
HHH_rd4_0284,K,6,N,1.0,polar,polar,
HHH_rd4_0284,K,6,E,1.0,polar,polar,
HHH_rd4_0284,K,6,F,1.4,polar,nonpolar,
HHH_rd4_0284,K,6,Y,1.3,polar,nonpolar,
HHH_rd4_0284,K,6,Q,1.2,polar,polar,
HHH_rd4_0284,K,6,L,1.6,polar,nonpolar,
HHH_rd4_0284,R,7,F,1.0,polar,nonpolar,
HHH_rd4_0284,R,7,I,1.0,polar,nonpolar,
HHH_rd4_0284,R,7,Q,1.3,polar,polar,
HHH_rd4_0284,R,7,E,1.0,polar,polar,
HHH_rd4_0284,R,7,T,1.3,polar,polar,
HHH_rd4_0284,R,7,G,1.1,polar,nonpolar,
HHH_rd4_0284,R,7,A,1.3,polar,nonpolar,
HHH_rd4_0284,R,7,V,1.0,polar,nonpolar,
HHH_rd4_0284,R,7,Y,1.0,polar,nonpolar,
HHH_rd4_0284,R,7,W,1.0,polar,nonpolar,
HHH_rd4_0284,R,7,D,1.1,polar,polar,
HHH_rd4_0284,R,7,N,1.1,polar,polar,
HHH_rd4_0284,R,7,S,1.3,polar,polar,
HHH_rd4_0284,R,7,K,1.1,polar,polar,
HHH_rd4_0284,R,7,M,1.0,polar,nonpolar,
HHH_rd4_0284,E,8,L,1.3,polar,nonpolar,
HHH_rd4_0284,E,8,I,1.0,polar,nonpolar,
HHH_rd4_0284,E,8,W,1.8,polar,nonpolar,
HHH_rd4_0284,A,9,I,1.8,nonpolar,nonpolar,small-to-large
HHH_rd4_0284,A,9,L,1.4,nonpolar,nonpolar,small-to-large
HHH_rd4_0284,A,9,F,1.1,nonpolar,nonpolar,small-to-large
HHH_rd4_0284,A,9,M,1.2,nonpolar,nonpolar,small-to-large
HHH_rd4_0284,V,21,G,1.3,nonpolar,nonpolar,large-to-small
HHH_rd4_0284,V,21,A,2.2,nonpolar,nonpolar,large-to-small
HHH_rd4_0628,K,2,E,1.7,polar,polar,
HHH_rd4_0628,K,2,P,1.2,polar,nonpolar,
HHH_rd4_0628,K,2,S,1.0,polar,polar,
HHH_rd4_0628,K,6,L,1.6,polar,nonpolar,
HHH_rd4_0628,K,6,M,1.0,polar,nonpolar,
HHH_rd4_0628,K,6,W,1.7,polar,nonpolar,
HHH_rd4_0628,R,8,L,1.0,polar,nonpolar,
HHH_rd4_0628,R,8,W,1.8,polar,nonpolar,
HHH_rd4_0628,A,9,I,1.4,nonpolar,nonpolar,small-to-large
HHH_rd4_0628,A,9,L,1.7,nonpolar,nonpolar,small-to-large
HHH_rd4_0628,A,9,M,1.1,nonpolar,nonpolar,small-to-large
HHH_rd4_0628,E,18,F,2.1,polar,nonpolar,
HHH_rd4_0628,E,18,I,2.1,polar,nonpolar,
HHH_rd4_0628,E,18,L,2.0,polar,nonpolar,
HHH_rd4_0628,E,18,M,1.5,polar,nonpolar,
HHH_rd4_0628,E,18,W,1.5,polar,nonpolar,
HHH_rd4_0628,E,18,Y,1.8,polar,nonpolar,
HHH_rd4_0628,V,21,A,2.1,nonpolar,nonpolar,large-to-small
HHH_rd4_0628,V,30,Y,1.1,nonpolar,nonpolar,small-to-large
HHH_rd4_0636,K,6,M,1.0,polar,nonpolar,
HHH_rd4_0636,K,6,F,1.0,polar,nonpolar,
HHH_rd4_0636,V,12,A,1.0,nonpolar,nonpolar,large-to-small
HHH_rd4_0636,V,12,L,1.2,nonpolar,nonpolar,size maintained
HHH_rd4_0636,V,12,W,1.1,nonpolar,nonpolar,small-to-large
HHH_rd4_0636,V,12,M,1.0,nonpolar,nonpolar,size maintained
HHH_rd4_0636,V,12,Y,1.1,nonpolar,nonpolar,small-to-large
HHH_rd4_0636,E,18,Y,1.0,polar,nonpolar,
HHH_rd4_0838,K,6,I,1.2,polar,nonpolar,
HHH_rd4_0838,K,6,W,1.2,polar,nonpolar,
HHH_rd4_0838,K,14,W,1.0,polar,nonpolar,
HHH_rd4_0838,E,18,I,1.0,polar,nonpolar,
HHH_rd4_0838,E,18,L,1.2,polar,nonpolar,
HHH_rd4_0998,K,3,W,1.3,polar,nonpolar,
HHH_rd4_0998,V,11,F,1.1,nonpolar,nonpolar,small-to-large
HHH_rd4_0998,V,30,F,1.1,nonpolar,nonpolar,small-to-large
HHH_rd4_0998,V,30,L,1.2,nonpolar,nonpolar,size maintained
